MESS_DATUM;TMK;TXK;TNK
20200106;0.8;6.0;-2.5
20200107;2.4;4.6;-2.1
20200108;3.6;7.2;-1.3
20200109;7.7;14.5;3.6
20200110;7.4;11.2;2.3
20200111;4.0;5.4;0.0
20200112;0.5;5.1;-3.2
20200113;3.1;7.2;-0.6
20200114;4.9;12.8;-1.1
20200115;5.6;12.8;-0.7
20200116;7.3;12.4;0.2
20200117;5.6;12.2;-1.2
20200118;3.2;6.2;0.5
20200119;0.3;1.6;-0.8
20200120;0.4;1.6;-1.4
20200121;-1.2;1.4;-2.9
20200122;-2.4;0.6;-4.0
20200123;-1.9;0.0;-3.9
20200124;1.0;8.7;-3.2
20200125;2.9;7.5;-1.5
20200126;4.0;8.3;0.6
20200127;6.6;10.8;2.6
20200128;4.8;6.8;1.6
20200129;2.6;4.7;1.1
20200130;6.2;10.5;2.2
20200131;11.4;14.2;8.7
20200201;10.5;16.4;5.7
20200202;10.6;13.2;7.3
20200203;6.7;11.1;5.9
20200204;5.0;14.0;0.9
20200205;1.4;2.6;-1.0
20200206;0.9;6.7;-2.5
20200207;0.1;4.7;-3.6
20200208;2.2;10.1;-3.6
20200209;7.0;14.2;-0.6
20200210;10.4;15.9;6.4
20200211;3.9;9.6;1.6
20200212;3.3;4.9;1.8
20200213;5.2;9.8;1.1
20200214;5.9;8.0;4.7
20200215;6.1;12.1;0.6
20200216;11.2;17.2;6.1
20200217;11.6;14.9;7.2
20200218;6.3;9.1;4.7
20200219;4.4;6.8;2.4
20200220;5.6;11.0;1.6
20200221;5.8;8.9;2.8
20200222;9.8;16.9;2.6
20200223;11.9;16.0;6.7
20200224;7.3;11.6;2.4
20200225;9.8;11.6;6.1
20200226;2.9;6.1;-0.8
20200227;2.4;6.3;0.5
20200228;2.4;5.6;-0.4
20200229;8.9;16.2;3.4
20200301;8.0;13.4;2.8
20200302;6.7;9.4;2.8
20200303;4.1;6.0;1.7
20200304;3.7;7.0;0.6
20200305;5.2;9.4;0.6
20200306;6.4;8.2;3.5
20200307;3.8;6.1;2.1
20200308;5.2;11.0;0.7
20200309;5.9;9.2;3.6
20200310;5.3;10.2;3.0
20200311;12.7;16.4;10.1
20200312;12.6;17.3;7.3
20200313;7.3;11.7;4.0
20200314;5.5;10.2;1.0
20200315;7.2;14.5;1.0
20200316;9.5;17.8;1.4
20200317;10.4;14.1;7.1
20200318;11.7;17.8;4.9
20200319;12.2;18.8;5.0
20200320;12.3;19.4;5.5
20200321;4.1;8.9;0.3
20200322;1.1;5.5;-2.3
20200323;-0.1;4.0;-4.3
20200324;0.3;5.1;-3.8
20200325;1.0;5.9;-2.9
20200326;2.4;7.5;-2.2
20200327;8.6;17.2;0.6
20200328;9.1;16.0;1.9
20200329;5.9;8.6;1.8
20200330;1.2;5.1;-1.6
20200331;1.3;6.9;-3.4
20200401;3.1;9.7;-3.4
20200402;6.2;13.7;-1.5
20200403;7.8;13.3;2.5
20200404;9.5;15.2;3.2
20200405;10.4;17.2;3.2
20200406;12.8;21.4;3.0
20200407;14.1;21.5;5.9
20200408;14.3;22.3;5.6
20200409;14.7;21.5;8.0
20200410;14.5;22.0;6.3
20200411;14.3;21.0;7.9
20200412;16.1;22.9;8.2
20200413;14.2;21.8;4.4
20200414;4.5;8.8;1.8
20200415;9.5;17.8;1.0
20200416;13.5;22.3;3.5
20200417;17.3;24.5;9.2
20200418;16.8;25.2;10.5
20200419;15.6;21.2;10.2
20200420;12.3;18.4;7.8
20200421;12.9;19.4;7.7
20200422;13.6;21.0;6.1
20200423;13.0;21.2;5.6
20200424;15.6;21.9;6.9
20200425;15.0;20.0;9.7
20200426;13.1;20.5;4.7
20200427;15.3;20.2;10.2
20200428;14.6;21.5;9.0
20200429;10.8;13.7;8.8
20200430;11.7;17.7;8.0
20200501;10.7;15.9;8.0
20200502;8.7;12.4;5.1
20200503;10.0;15.4;5.1
20200504;12.9;17.3;9.6
20200505;9.7;13.1;6.0
20200506;9.1;14.6;2.6
20200507;12.6;20.4;4.1
20200508;17.1;25.0;7.2
20200509;19.2;26.4;12.1
20200510;17.0;22.2;13.9
20200511;11.8;19.8;1.6
20200512;6.7;12.5;1.9
20200513;7.4;9.0;5.9
20200514;8.9;12.4;6.4
20200515;8.1;10.6;4.0
20200516;10.9;17.7;2.7
20200517;13.8;21.2;5.7
20200518;15.7;23.6;6.6
20200519;17.9;24.4;9.2
20200520;16.7;20.9;11.1
20200521;16.9;23.1;10.9
20200522;20.2;25.5;12.1
20200523;15.1;23.2;8.3
20200524;13.0;17.5;7.7
20200525;13.5;17.7;9.8
20200526;12.5;17.7;7.0
20200527;14.2;20.2;6.4
20200528;13.4;17.4;9.2
20200529;12.2;17.2;7.0
20200530;11.9;17.5;6.6
20200531;13.3;18.2;6.8
20200601;16.1;22.5;8.3
20200602;17.4;24.1;9.3
20200603;20.0;26.2;12.4
20200604;16.0;19.4;12.1
20200605;13.7;16.7;11.1
20200606;15.9;20.2;13.3
20200607;11.3;13.6;8.6
20200608;13.1;18.3;9.0
20200609;12.6;15.0;10.9
20200610;13.2;14.8;11.8
20200611;14.6;19.9;11.3
20200612;19.2;27.1;10.0
20200613;20.6;26.7;13.4
20200614;14.0;15.1;12.7
20200615;13.5;14.7;12.7
20200616;15.3;19.7;12.9
20200617;16.1;24.0;13.0
20200618;17.1;22.9;11.8
20200619;13.9;15.1;12.5
20200620;14.8;19.7;12.1
20200621;17.4;21.8;12.4
20200622;19.1;23.8;14.4
20200623;19.8;25.3;14.1
20200624;19.2;24.8;12.1
20200625;18.0;23.6;13.5
20200626;20.5;27.6;12.2
20200627;22.9;29.2;17.4
20200628;22.0;27.9;16.8
20200629;17.0;21.9;14.6
20200630;20.0;26.2;13.6
20200701;21.7;29.8;14.6
20200702;19.8;25.8;16.4
20200703;17.7;21.8;14.6
20200704;19.6;25.6;13.1
20200705;22.7;28.2;16.5
20200706;18.6;23.4;12.9
20200707;16.2;21.5;11.1
20200708;19.7;26.7;12.1
20200709;22.9;29.5;15.1
20200710;23.6;31.0;16.2
20200711;16.2;19.8;13.1
20200712;16.9;22.4;11.0
20200713;17.4;23.4;10.6
20200714;18.6;24.8;10.9
20200715;17.7;21.4;14.3
20200716;14.6;17.5;12.9
20200717;16.3;21.2;12.6
20200718;16.8;20.6;11.6
20200719;20.6;26.3;15.2
20200720;22.6;29.1;16.7
20200721;20.8;28.5;16.1
20200722;20.6;26.9;14.7
20200723;21.0;26.7;16.3
20200724;20.0;25.2;16.0
20200725;21.2;26.6;17.5
20200726;19.5;25.0;16.2
20200727;22.2;29.4;13.7
20200728;24.8;32.0;18.7
20200729;21.5;27.0;16.1
20200730;23.2;30.6;15.6
20200731;25.0;32.7;16.8
20200801;25.7;34.2;18.3
20200802;19.8;22.7;16.7
20200803;16.2;18.7;13.2
20200804;13.5;14.6;12.6
20200805;16.6;21.9;10.0
20200806;19.5;25.8;12.6
20200807;22.0;29.0;15.5
20200808;22.4;30.2;15.3
20200809;23.1;30.4;16.0
20200810;23.5;31.4;15.1
20200811;24.8;30.5;19.3
20200812;23.9;29.9;18.0
20200813;22.0;27.7;18.3
20200814;21.3;25.8;18.0
20200815;21.7;27.4;17.8
20200816;22.3;28.1;15.8
20200817;20.3;23.8;18.0
20200818;18.9;22.1;16.7
20200819;19.9;26.1;14.1
20200820;23.2;30.8;14.4
20200821;26.1;34.1;17.3
20200822;20.4;23.5;16.9
20200823;19.0;23.5;15.6
20200824;17.9;22.8;14.1
20200825;19.3;25.4;12.1
20200826;22.9;27.5;16.0
20200827;18.5;22.8;13.4
20200828;19.6;28.6;15.7
20200829;14.5;15.7;13.3
20200830;13.7;15.3;11.8
20200831;14.1;17.7;10.4
20200901;13.7;16.8;11.9
20200902;14.5;19.1;10.8
20200903;16.6;21.9;11.0
20200904;20.4;26.6;16.4
20200905;21.0;27.7;15.6
20200906;15.4;17.9;13.8
20200907;14.4;18.4;11.3
20200908;15.1;21.5;10.4
20200909;17.5;25.2;10.1
20200910;18.5;23.8;12.9
20200911;17.4;23.6;13.2
20200912;18.6;26.0;12.3
20200913;19.3;26.8;13.0
20200914;19.2;27.0;13.0
20200915;20.5;28.9;13.5
20200916;21.1;27.2;16.0
20200917;19.1;24.7;14.3
20200918;14.9;20.4;10.0
20200919;14.6;22.7;7.1
20200920;15.9;23.2;9.7
20200921;17.0;24.0;10.9
20200922;18.2;25.6;12.5
20200923;16.5;20.2;14.1
20200924;17.1;21.6;13.4
20200925;9.3;13.7;5.5
20200926;7.0;7.7;6.3
20200927;10.0;15.6;5.0
20200928;8.0;10.7;4.9
20200929;10.5;12.2;8.7
20200930;12.7;17.8;8.2
20201001;12.9;19.4;6.5
20201002;14.9;18.4;9.8
20201003;13.3;22.1;5.1
20201004;11.0;17.3;4.7
20201005;11.5;14.6;9.0
20201006;11.7;13.6;9.1
20201007;10.1;13.4;8.5
20201008;12.7;17.7;8.7
20201009;14.4;19.0;10.1
20201010;9.6;13.0;7.1
20201011;7.3;9.9;5.6
20201012;6.1;8.7;3.6
20201013;6.4;9.8;4.0
20201014;6.0;9.1;3.8
20201015;6.7;7.8;5.8
20201016;7.1;8.9;6.2
20201017;6.9;8.9;5.7
20201018;7.9;11.2;5.0
20201019;7.9;12.5;3.9
20201020;7.7;15.8;1.3
20201021;11.8;21.0;5.6
20201022;13.1;17.2;8.8
20201023;14.8;19.1;12.0
20201024;11.5;14.8;7.9
20201025;9.7;17.6;3.7
20201026;6.6;9.3;4.0
20201027;6.6;11.1;3.9
20201028;9.4;14.7;3.5
20201029;9.8;11.2;8.9
20201030;11.8;14.7;9.0
20201031;12.2;17.9;6.3
20201101;11.3;15.6;5.6
20201102;17.4;21.5;14.5
20201103;12.2;17.3;8.3
20201104;8.2;9.3;7.4
20201105;7.8;11.4;3.5
20201106;4.5;6.7;2.2
20201107;5.4;10.1;2.9
20201108;5.8;12.6;2.6
20201109;4.7;8.7;2.4
20201110;4.1;7.4;1.7
20201111;6.7;9.7;4.8
20201112;8.7;14.2;4.2
20201113;9.6;15.8;4.3
20201114;10.0;17.1;4.5
20201115;8.1;15.8;3.1
20201116;10.2;13.2;8.1
20201117;8.6;11.9;4.4
20201118;6.8;13.9;2.1
20201119;8.2;14.0;4.0
20201120;3.6;5.8;-1.2
20201121;1.2;5.8;-2.2
20201122;2.9;9.6;-2.8
20201123;5.1;8.2;2.7
20201124;4.1;6.0;2.7
20201125;2.3;5.4;0.5
20201126;1.6;5.5;-0.5
20201127;0.4;4.0;-1.4
20201128;-0.7;0.5;-1.7
20201129;0.1;1.5;-1.1
20201130;-1.6;1.4;-4.3
20201201;-0.3;1.7;-3.3
20201202;-2.2;0.5;-3.2
20201203;-0.7;2.8;-3.0
20201204;1.8;8.4;-2.9
20201205;2.1;5.0;0.2
20201206;1.8;4.3;-0.2
20201207;2.2;4.9;0.0
20201208;0.4;2.8;-2.3
20201209;0.8;1.2;-0.1
20201210;1.1;2.1;0.6
20201211;0.7;2.8;-0.6
20201212;3.0;5.1;0.3
20201213;4.6;5.3;2.8
20201214;3.3;7.3;-0.5
20201215;3.1;5.1;1.0
20201216;2.9;6.0;1.0
20201217;3.0;8.9;-0.3
20201218;1.5;7.2;-1.4
20201219;-1.3;0.0;-2.4
20201220;-0.6;0.7;-1.9
20201221;4.7;6.8;0.7
20201222;11.1;13.9;6.3
20201223;12.1;14.1;9.5
20201224;7.1;9.9;4.2
20201225;1.4;4.2;-0.3
20201226;-0.9;1.3;-3.4
20201227;-2.1;1.1;-4.9
20201228;0.3;1.9;-1.9
20201229;2.8;6.2;0.2
20201230;2.2;4.6;-1.0
20201231;1.3;5.1;-1.9
20210101;0.2;3.7;-2.9
20210102;-1.1;0.6;-2.9
20210103;-0.6;0.5;-2.2
20210104;-0.9;0.0;-1.8
20210105;-1.3;-0.6;-2.1
20210106;-1.2;-0.3;-2.0
20210107;0.0;1.5;-1.0
20210108;-0.1;1.8;-1.2
20210109;-1.2;1.6;-3.3
20210110;-4.8;-2.3;-7.4
20210111;-6.1;-4.8;-7.9
20210112;-0.1;2.4;-5.0
20210113;0.6;3.2;-1.2
20210114;-0.1;2.1;-2.8
20210115;-3.3;-1.3;-6.0
20210116;-2.8;-1.2;-5.0
20210117;-2.5;0.1;-4.5
20210118;0.9;1.8;-0.1
20210119;1.8;5.7;-2.6
20210120;4.4;10.1;-1.6
20210121;5.3;14.5;-1.5
20210122;7.6;13.1;3.3
20210123;2.0;3.5;-0.3
20210124;0.5;2.2;-2.3
20210125;-1.5;1.2;-3.6
20210126;-0.9;0.3;-2.4
20210127;-0.2;2.4;-2.7
20210128;4.8;8.5;1.4
20210129;7.5;10.5;5.1
20210130;5.3;8.6;2.0
20210131;0.3;2.0;-0.9
20210201;3.7;8.5;-0.4
20210202;8.5;11.1;5.4
20210203;9.1;10.8;7.6
20210204;8.2;11.1;5.3
20210205;7.9;11.5;4.6
20210206;5.9;8.2;3.6
20210207;2.5;3.7;0.5
20210208;2.9;6.5;-0.4
20210209;-0.6;0.1;-1.5
20210210;-2.4;-0.1;-8.6
20210211;-7.9;-4.1;-10.4
20210212;-7.8;-3.6;-11.2
20210213;-7.7;-3.4;-11.3
20210214;-4.9;1.0;-10.1
20210215;-1.5;4.0;-7.9
20210216;6.4;11.1;1.6
20210217;7.0;10.4;1.0
20210218;6.2;12.9;-0.4
20210219;8.1;10.4;6.0
20210220;8.6;16.6;1.5
20210221;5.7;13.4;0.1
20210222;5.6;14.2;-0.1
20210223;7.8;17.2;1.0
20210224;9.8;18.6;3.0
20210225;10.5;20.0;3.3
20210226;10.9;17.0;4.6
20210227;4.1;8.1;0.9
20210228;3.1;9.0;-1.1
20210301;5.1;13.0;-1.6
20210302;5.9;14.2;-0.6
20210303;6.0;12.8;-0.7
20210304;8.9;14.5;3.8
20210305;2.7;5.6;-1.7
20210306;0.5;5.6;-3.4
20210307;2.5;9.1;-4.2
20210308;2.4;6.6;-1.1
20210309;1.8;6.3;-3.1
20210310;3.2;7.1;0.8
20210311;9.3;15.7;1.9
20210312;6.7;10.4;3.9
20210313;7.9;12.9;4.5
20210314;2.9;5.8;0.9
20210315;2.8;4.3;0.6
20210316;2.5;5.1;0.4
20210317;1.3;3.8;0.2
20210318;0.6;4.4;-1.1
20210319;0.5;4.7;-1.5
20210320;-1.6;0.6;-3.0
20210321;0.4;1.6;-1.7
20210322;2.4;3.9;1.1
20210323;3.3;6.7;-0.2
20210324;6.1;14.0;-1.4
20210325;10.4;16.6;3.7
20210326;11.2;18.5;3.9
20210327;8.4;10.7;5.1
20210328;9.4;14.8;3.4
20210329;11.9;19.6;4.6
20210330;13.0;21.8;3.8
20210331;13.8;22.7;5.0
20210401;15.9;23.3;10.5
20210402;9.2;13.9;4.7
20210403;5.4;7.8;2.9
20210404;6.1;11.4;0.1
20210405;6.6;15.1;-2.5
20210406;-0.6;2.5;-2.9
20210407;-0.2;3.5;-2.2
20210408;2.3;6.5;-0.7
20210409;9.2;17.0;-0.1
20210410;12.1;17.8;6.5
20210411;13.8;20.3;7.9
20210412;3.4;9.5;0.8
20210413;2.5;5.9;0.3
20210414;2.8;7.1;-0.6
20210415;2.9;7.5;-1.5
20210416;2.9;7.7;-1.6
20210417;4.1;6.9;0.4
20210418;4.7;7.3;2.8
20210419;6.5;12.0;3.5
20210420;8.6;13.7;5.6
20210421;10.1;17.0;3.2
20210422;10.1;14.4;3.8
20210423;8.8;15.5;1.1
20210424;10.8;18.6;2.1
20210425;10.0;15.7;4.8
20210426;9.2;15.0;3.0
20210427;10.2;16.9;2.9
20210428;12.8;20.0;4.2
20210429;12.4;15.5;9.2
20210430;11.0;19.6;6.6
20210501;8.9;12.3;6.5
20210502;6.0;10.6;3.9
20210503;8.4;13.3;4.3
20210504;12.5;17.4;5.5
20210505;7.8;12.1;4.4
20210506;8.1;12.1;5.6
20210507;7.2;10.6;2.1
20210508;11.1;18.8;1.8
20210509;19.4;27.7;9.4
20210510;22.4;30.7;14.5
20210511;13.8;18.0;9.8
20210512;9.6;10.8;8.8
20210513;10.2;13.0;8.4
20210514;12.0;17.5;6.4
20210515;11.6;16.6;7.7
20210516;11.5;18.2;6.6
20210517;10.8;15.9;8.4
20210518;10.4;14.5;8.1
20210519;9.1;13.0;7.1
20210520;10.5;15.2;6.7
20210521;11.3;16.9;7.5
20210522;12.4;17.6;6.8
20210523;10.7;15.5;6.6
20210524;12.1;19.1;7.8
20210525;11.3;15.1;7.8
20210526;11.9;16.2;8.1
20210527;10.4;15.4;7.8
20210528;12.5;17.0;7.3
20210529;12.6;18.2;7.5
20210530;12.0;17.8;5.7
20210531;12.6;18.5;5.8
20210601;15.0;21.9;6.3
20210602;16.7;24.9;7.0
20210603;19.7;26.8;10.8
20210604;18.9;27.1;12.6
20210605;17.9;23.2;12.8
20210606;14.9;17.3;12.8
20210607;18.3;23.2;14.0
20210608;18.7;25.9;13.3
20210609;18.3;25.4;13.4
20210610;19.3;25.4;14.3
20210611;20.0;25.7;14.7
20210612;21.2;27.0;16.0
20210613;18.6;23.1;12.5
20210614;18.2;25.7;10.9
20210615;20.2;28.1;11.2
20210616;22.4;29.6;14.0
20210617;23.8;31.6;14.7
20210618;24.6;32.3;16.0
20210619;25.8;31.6;20.1
20210620;24.4;28.6;19.8
20210621;23.1;29.2;15.6
20210622;20.0;25.7;16.3
20210623;19.6;25.9;13.5
20210624;17.7;23.3;13.7
20210625;17.3;22.5;13.9
20210626;19.2;24.9;12.7
20210627;21.4;27.5;13.6
20210628;23.5;29.9;16.9
20210629;18.4;26.1;12.9
20210630;14.9;18.3;12.0
20210701;13.7;16.8;11.6
20210702;17.3;22.6;12.7
20210703;19.1;25.1;11.7
20210704;17.9;22.9;14.7
20210705;18.5;22.4;13.9
20210706;21.8;31.5;15.4
20210707;18.2;20.5;16.7
20210708;16.9;20.1;14.7
